2477.236433
1279.475533
203.633
42.63573333
20.4915
13.00923333
9.946133333
9.2035
7.368433333
5.969333333
5.840966667
4.315333333
4.279966667
4.5287
3.930066667
2.831833333
2.3464
2.3058
2.2261
2.198233333
1.809133333
1.478266667
1.561566667
1.420333333
1.080156667
1.034966667
1.0549
0.943216667
0.79585
0.783916667
0.69544
0.583356667
0.50805
0.44669
0.43569
0.42345
0.359453333
0.34686
0.345656667
0.294356667
0.246293333
0.240406667
0.216063333
0.206533333
0.200643333
0.18063
0.173026667
0.158466667
0.133693333
0.133146667
0.12348
0.107725667
0.100469
0.093841667
0.086171
0.075270333
0.071774333
0.071478667
0.063996667
0.059614667
0.057591333
0.055738667
0.051335667
0.046536333
0.041144
0.044047
0.045224333
0.040885333
0.034760667
0.032506667
0.031103667
0.030601667
0.028867667
0.027595667
0.024987333
0.024322333
0.023618667
0.022719333
0.022274667
0.019482667
0.018627667
0.018756
0.018135667
0.016743
0.015432
0.01493
0.015571333
0.015263
0.015433333
0.015577333
0.014011
0.01401
0.01398
0.013579667
0.012769667
0.011697
0.012398333
0.013213333
0.014350333
0.014308
0.014135667
0.013119
0.013170233
0.013115133
0.0128641
0.01414
0.012926667
0.012785967
0.0133958
0.013416333
0.013500667
0.013291333
0.013724733
0.0138077
0.013794
0.012658
0.0124788
0.012010467
0.011467933
0.012050467
0.0126103
0.012165233
0.011935333
0.0124806
0.011854033
0.011584133
0.0118727
0.011665067
0.010121067
0.0102396
0.0103709
0.009913633
0.009800267
0.010306233
0.009978
0.009100333
0.009048033
0.008746933
0.0087518
0.009361333
0.0095177
0.008989633
0.008966633
0.0089595
0.008258133
0.0084309
0.008829433
0.008820367
0.0093935
0.008667333
0.007963233
0.0093034
0.008673833
0.008330067
0.008954333
0.008874767
0.009745533
0.0094335
0.008854967
0.010007367
0.010213067
0.010905633
0.011740167
0.010525833
0.0099621
0.0116924
0.012913033
0.012190767
0.014235167
0.013537333
0.015179333
0.016034333
0.013991
0.017758333
0.019183667
0.020455
0.036253333
0.050854333
0.135753333
0.956946667
2.08639