71.266541
69.141717
63.361833
55.357641
46.672380
38.434908
31.233589
25.241875
20.397980
16.541220
13.490079
11.078103
9.166027
7.642653
6.421328
5.435339
4.633558
3.976806
3.434984
2.984860
2.608407
2.291549
2.023225
1.794685
1.598963
1.430476
1.284720
1.158044
1.047463
0.950532
0.865230
0.789881
0.723086
0.663676
0.610664
0.563217
0.520627
0.482292
0.447696
0.416395
0.388007
0.362202
0.338694
0.317232
0.297599
0.279605
0.263082
0.247883
0.233877
0.220950
0.208999
0.197934
0.187675
0.178148
0.169290
0.161043
0.153355
0.146178
0.139472
0.133198
0.127321
0.121811
0.116640
0.111780
0.107210
0.102908
0.098854
0.095031
0.091422
0.088013
0.084790
0.081740
0.078852
0.076115
0.073519
0.071056
0.068716
0.066493
0.064379
0.062367
0.060452
0.058627
0.056887
0.055228
0.053645
0.052133
0.050689
0.049308
0.047988
0.046725
0.045517
0.044359
0.043250
0.042187
0.041168
0.040190
0.039252
0.038351
0.037487
0.036656
0.035857
0.035090
0.034352
0.033642
0.032959
0.032301
0.031668
0.031059
0.030471
0.029906
0.029361
0.028835
0.028328
0.027840
0.027368
0.026914
0.026475
0.026052
0.025643
0.025249
0.024868
0.024501
0.024146
0.023803
0.023472
0.023153
0.022844
0.022546
0.022258
0.021980
0.021712
0.021452
0.021202
0.020960
0.020727
0.020501
0.020284
0.020074
0.019872
0.019676
0.019488
0.019306
0.019131
0.018963
0.018801
0.018644
0.018494
0.018349
0.018210
0.018077
0.017949
0.017826
0.017709
0.017596
0.017488
0.017385
0.017287
0.017194
0.017105
0.017020
0.016940
0.016864
0.016793
0.016726
0.016662
0.016603
0.016548
0.016497
0.016450
0.016407
0.016368
0.016333
0.016301
0.016273
0.016249
0.016229
0.016212
0.016199
0.016190
0.016184
0.016182
